A30B
2.07,5.297565462173711
12.07,32.57197196142823
22.07,79.86274303370959
 
A310
1.96,5.124154445847101
11.96,33.02458578196934
 
A318
1.71,5.7560576558003875
11.71,43.37760929013545
 
A319
1.73,5.856355275654117
11.73,43.77524896271154
 
A320
1.72,5.822386159164493
11.72,43.72846658837299
 
A321
1.73,5.856355275654117
11.73,43.77524896271154
 
A332
2.03,4.013987218056313
12.03,24.508459236336936
22.03,49.433808074933474
 
A333
2.1,4.15263936894195
12.1,24.66054633181192
22.1,49.64693437947521
 
A338
1.95,3.4936260361973543
11.95,21.927773674568673
21.95,43.30938088302677
31.95,86.79665135957062
 
A339
1.96,3.511564475796631
11.96,21.947076259097702
21.96,43.333992028397674
31.96,87.13491252486702
 
A342
1.83,3.617965123675879
11.83,24.07493172337116
21.83,48.82990651882301
 
A343
1.84,3.6377619605052494
11.84,24.09657307854728
21.84,48.85992807121798
 
A345
1.94,3.6349153298024213
11.94,22.966700522204903
21.939999999999998,45.80680988226474
 
A346
1.99,3.7287295236256544
11.99,23.068419434438724
21.990000000000002,45.94127621136717
 
A388
2.34,3.362132792982555
12.34,18.015434589723007
22.34,34.04886502780036
32.34,54.14738580731452
 
A3ST
1.94,4.968448233210503
11.94,32.21079620972231
21.939999999999998,78.36842398492175
 
AT43
0.76,3.542483571884725
10.76,61.020929939428136
 
AT45
0.75,3.4958136323898628
10.75,60.92492880324987
 
AT72
0.74,3.1306259162579364
10.74,52.43102617321993
 
ATP
1.31,4.9069083422574336
11.31,47.60308742477358
 
B462
1.0,4.354668050933015
11.0,56.639960312696736
 
B703
1.33,3.4346416832271762
11.33,30.687836145322557
21.33,73.90654185208624
 
B712
1.23,4.95692301589241
11.23,52.082888964832726
 
B722
0.99,3.4502807626593754
10.99,41.9194438807964
 
B732
1.07,4.3290902615420075
11.07,51.34785739850904
 
B733
1.02,4.047774196812848
11.02,49.69658323301321
 
B734
1.02,4.047774196812848
11.02,49.69658323301321
 
B735
1.02,4.061852520081945
11.02,49.93171068785501
 
B736
1.2,4.0123126812261045
11.2,40.77280469404287
 
B737
1.2,4.0123126812261045
11.2,40.77280469404287
 
B738
1.23,4.110390166620051
11.23,40.87636063849358
 
B739
1.23,4.112791019350173
11.23,40.905282292027735
 
B742
1.88,3.617035081594123
11.879999999999999,23.494292737892152
21.88,47.24203916799913
 
B743
1.88,3.617035081594123
11.879999999999999,23.494292737892152
21.88,47.24203916799913
 
B744
2.42,4.310144345606176
12.42,22.688091150871003
22.42,44.128769157249224
 
B752
2.24,6.75276388458315
12.24,39.979963695245445
 
B753
2.5,7.5408829057710065
12.5,41.00827174821383
 
B762
2.06,4.96542765830469
12.06,30.445775216104092
22.060000000000002,67.95521417286989
 
B763
2.08,5.013758522831266
12.08,30.501639980144677
22.08,68.08385149102847
 
B764
1.81,3.9996005096195524
11.81,27.0717529262962
21.810000000000002,57.18898310857282
 
B772
2.81,5.2949272960052545
12.81,24.8781359588123
22.810000000000002,48.512207310364964
 
B773
2.81,5.2949272960052545
12.81,24.8781359588123
22.810000000000002,48.512207310364964
 
B77L
2.7,5.08709495258889
12.7,24.650194408055867
22.7,48.20072216098313
 
B77W
2.88,5.099688914217339
12.879999999999999,23.423911348846474
22.88,44.924374024252366
 
BA11
0.84,3.379394469821689
10.84,49.52610211978409
 
BE20
0.87,6.016754444598883
 
BE58
0.32,3.1902829385277793
 
BE99
0.89,7.304519970722128
 
BE9L
0.79,5.927386281437258
 
C130
0.64,1.815615672104487
10.64,31.784959369551554
 
C160
0.91,2.6078583159954527
10.91,33.05883850561238
 
C421
0.83,7.820241361348777
 
C510
0.56,4.882142332473114
 
C550
0.37,2.6675596321661406
 
C560
0.57,4.7385295120980295
 
C56X
0.21,1.415686830852983
 
C750
0.68,3.9992599988738444
 
CL60
1.05,6.150639827941038
 
CRJ1
1.05,5.682159036330808
 
CRJ2
1.05,5.682159036330808
 
CRJ9
1.21,5.96164355542936
11.21,74.20289705728665
 
D228
0.72,4.867722945184461
 
D328
0.69,3.771463448302073
 
DA42
0.97,8.311821310814617
 
DC10
2.26,5.145344100644855
12.26,29.11131562505373
22.259999999999998,62.04711341086486
 
DC87
2.08,5.280712913938126
12.08,32.310908898133015
22.08,77.68537091136562
 
DC94
1.0,4.028311206594841
11.0,50.60087244711086
 
DH8A
0.64,2.8327600225499716
10.64,55.24745529802153
 
DH8C
0.67,2.8001062682069646
10.67,51.07602497031854
 
DH8D
0.67,2.7043964887442495
10.67,48.7125299620799
 
E120
1.13,6.564094860709233
 
E135
0.83,4.751501944980783
 
E145
1.35,7.743038554116901
 
E170
1.5,6.625809564822982
11.5,62.20422750397203
 
E190
1.57,6.276779554353541
11.57,53.678909307969576
 
E50P
0.21,1.9568216441142912
 
E55P
0.2,1.4415553422510232
 
EA50
0.71,7.155428101000553
 
F100
1.82,7.442859325620048
11.82,57.27565300034944
 
F27
1.0,3.9545721220908314
11.0,49.342751362002176
 
F28
1.1,4.661613909920064
11.1,55.094409609511416
 
F2TH
1.15,6.844260164457173
 
F50
1.62,6.414714121293092
11.620000000000001,53.26201938895231
 
F70
1.15,4.694942425601229
11.15,52.522685215497916
 
F900
1.34,7.981890733674201
 
FA10
1.02,8.972668917178304
 
FA20
1.21,8.538054399897478
 
FA50
1.25,7.601083356588519
 
FA7X
1.5,6.572487147124091
11.5,61.34554979119655
 
H25A
0.88,7.054838190652687
 
H25B
0.59,4.310371660118013
 
JS31
0.97,7.030488031373789
 
JS32
1.0,7.249075658517105
 
JS41
1.0,6.277811042056275
 
L101
1.83,4.428512553048166
11.83,29.944184912985854
21.83,67.08699322783359
 
LJ35
0.8,7.662255660766065
 
LJ45 
0.8,6.300291557568219
 
MD11
2.67,5.9285514513285005
12.67,29.349481182833248
22.67,61.28049020479771
 
MD82
1.0,3.4979491796593836
11.0,42.155184250809704
 
MD83
1.0,3.4979491796593836
11.0,42.155184250809704
 
MU2
0.7,6.756327030587828
 
P28A
0.44,4.717504615543694
 
PA27
1.1,11.126888336187644
 
PA31
1.0,9.28179908667753
 
PA34
1.0,9.675462517112102
 
PAY2
0.63,5.562014874392901
 
PAY3
0.77,6.0967054824740545
 
RJ85
0.76,3.308200205985926
10.76,54.786429980870864
 
SB20
0.65,3.0047849556325605
10.65,59.19005058844529
 
SF34
1.08,5.792990245334675
 
SH36
0.812,4.084526546953924
10.812,71.51759515169032
 
SW3
0.92,7.498281420489886
 
SW4
1.81,12.028914899738592
 
T134
1.9,7.529375195667175
11.9,55.15389058268074
 
T154
1.63,4.987208327404113
11.629999999999999,38.335610502059794
 
TBM7
0.81,7.630665591356278
 
TRIN
0.61,7.151293103099056
