A30B
2.07,4.153471105035647
12.07,24.981354448433663
22.07,50.55351341996214
 
A310
1.96,4.686329227535389
11.96,29.903524074674266
21.96,66.25995035695131
 
A318
1.71,6.089359224017419
11.71,46.58767045612999
 
A319
1.73,5.599529783204026
11.73,41.421288330650384
 
A320
1.72,4.968396521338369
11.72,36.166298976769816
 
A321
1.73,4.516359614130941
11.73,32.270012129704135
21.73,81.52334770578688
 
A332
2.03,4.061685504341272
12.03,24.818727862924643
22.03,50.234348875031415
 
A333
2.1,4.201991050780429
12.1,24.973005050614077
22.1,50.45363122005653
 
A338
1.95,3.9013661275848506
11.95,24.642645918972494
21.95,49.98496877635515
 
A339
1.96,3.649747005670767
11.96,22.85732990233992
21.96,45.49739471084724
 
A342
1.83,3.6609440153317423
11.83,24.378986955705415
21.83,49.61330269899037
 
A343
1.84,3.4260176734743744
11.84,22.615212884837067
21.84,45.179713767419884
 
A345
1.94,3.4898830414210225
11.94,22.0024971798908
21.939999999999998,43.50530328259271
 
A346
1.99,3.35540589879505
11.99,20.64930678694496
21.990000000000002,40.29811635938542
31.990000000000002,70.20026792499769
 
A388
2.34,3.9994355826386117
12.34,21.58057073136368
22.34,41.74924485530764
32.34,74.56530588731333
 
A3ST
1.94,3.6112805752668167
11.94,22.80912120888258
21.939999999999998,45.425433659227
 
AT43
0.76,3.488527503128136
10.76,59.484202648962466
 
AT45
0.75,3.518728204176339
10.75,61.60684652072758
 
AT72
0.74,2.89337672187127
10.74,47.1052887097257
 
ATP
1.31,5.783467914292712
11.31,60.45863949985721
 
B462
1.0,4.140482209620132
11.0,52.58200548102726
 
B703
1.33,3.6190832059043836
11.33,32.52933661443877
 
B712
1.23,4.899985251409709
11.23,51.247860625420486
 
B722
0.99,3.893449924296287
10.99,48.91821057897979
 
B732
1.07,4.321454125484642
11.07,51.221904741630546
 
B733
1.02,3.7202786782886554
11.02,44.50872032165401
 
B734
1.02,3.449971970593313
11.02,40.552723108045214
 
B735
1.02,3.9978909748701477
11.02,48.8724098580328
 
B736
1.2,4.757013802895767
11.2,50.71583268335863
 
B737
1.2,4.4431177477547985
11.2,46.30663335281572
 
B738
1.23,3.84761619319024
11.23,37.781859201942495
 
B739
1.23,3.633233434052611
11.23,35.34986863237843
 
B742
1.88,3.058962659608919
11.879999999999999,19.70714147998454
21.88,38.39369929119226
31.88,64.81124340017314
 
B743
1.88,3.058962659608919
11.879999999999999,19.70714147998454
21.88,38.39369929119226
31.88,64.81124340017314
 
B744
2.42,3.933241213974593
12.42,20.612191465760908
22.42,39.45615291820603
32.42,66.77076912978056
 
B752
2.24,5.640636049086965
12.24,32.484923590721856
22.240000000000002,77.38683377287624
 
B753
2.5,5.552006916543336
12.5,28.93035487957722
22.5,60.54509997539672
 
B762
2.06,4.871047222484523
12.06,29.80928583941409
22.060000000000002,65.41096332071818
 
B763
2.08,4.323610067134888
12.08,25.96613271658216
22.08,53.157800434661375
 
B764
1.81,3.539268173503167
11.81,23.75313213798097
21.810000000000002,48.06134730510262
 
B772
2.81,5.172281755914835
12.81,24.265914523158248
22.810000000000002,47.03695179968538
 
B773
2.81,4.480549135982861
12.81,20.862722016425572
22.810000000000002,39.35619647176416
32.81,65.80403929472664
 
B77L
2.7,4.97088719275439
12.7,24.052516352541314
22.7,46.76062967684535
 
B77W
2.88,4.592400942807056
12.879999999999999,20.982094235667482
22.88,39.50054997019401
32.879999999999995,66.07754143070814
 
BA11
0.84,3.6541044416907806
10.84,55.33163855666984
 
BE20
0.87,6.4454995260998285
 
BE58
0.32,3.422678834322154
 
BE99
0.89,6.898333423937014
 
BE9L
0.79,7.2383239460268625
 
C130
0.64,2.349748870036549
10.64,42.96992319063384
 
C160
0.91,2.942023589305005
10.91,37.976718820820416
 
C421
0.83,8.241777994866576
 
C510
0.56,6.030949873589192
 
C550
0.37,2.9829843116307244
 
C560
0.57,4.55334208338061
 
C56X
0.21,1.6462064705050252
 
C750
0.68,4.202163856252351
 
CL60
1.05,6.057566896139378
 
CRJ1
1.05,4.74996340358254
11.05,60.62770751585094
 
CRJ2
1.05,4.849634713505758
11.05,62.83482547389625
 
CRJ9
1.21,4.757204434753868
11.21,50.20456090309573
 
D228
0.72,4.650709004879828
 
D328
0.69,3.282632723701343
10.69,62.515650682414474
 
DA42
0.97,10.445980333316738
 
DC10
2.26,5.518676477577028
12.26,31.44649626207473
22.259999999999998,71.30424740205227
 
DC87
2.08,4.403566979768533
12.08,26.482279406786308
22.08,54.59338478681896
 
DC94
1.0,3.504371514958993
11.0,42.25037391674338
 
DH8A
0.64,3.047058931091565
10.64,62.094527208926586
 
DH8C
0.67,2.7648001682671404
10.67,50.19060442689539
 
DH8D
0.67,2.3630188984601332
10.67,41.04225075861886
 
E120
1.13,6.090735323323269
 
E135
0.83,4.878381590506266
 
E145
1.35,6.867566319983547
 
E170
1.5,5.6746431184077135
11.5,49.29479980825301
 
E190
1.57,4.9215896106723696
11.57,39.21561203420746
 
E50P
0.21,2.2001958538859183
 
E55P
0.2,1.5961891780458834
 
EA50
0.71,8.957497963494102
 
F100
1.82,7.102299592934291
11.82,53.416498855776254
 
F27
1.0,4.740595353657075
11.0,65.38002267134291
 
F28
1.1,4.853908352866144
11.1,58.632495659106226
 
F2TH
1.15,8.091761379056859
 
F50
1.62,6.6928479923379225
11.620000000000001,56.7171044169223
 
F70
1.15,4.694942425601229
11.15,52.522685215497916
 
F900
1.34,8.718716055177506
 
FA10
1.02,8.538364834173542
 
FA20
1.21,9.372550791223743
 
FA50
1.25,9.28179908667753
 
FA7X
1.5,8.979867843353613
 
H25A
0.88,8.896920947105018
 
H25B
0.59,6.026141396360025
 
JS31
0.97,7.573242874785125
 
JS32
1.0,8.213210701738188
 
JS41
1.0,6.21301092759917
 
L101
1.83,4.605716625402409
11.83,31.271050552351173
21.83,73.31072368838439
 
LJ35
0.8,7.102663346422053
 
LJ45 
0.8,6.335193743377985
 
MD11
2.67,6.060314567635478
12.67,30.065422396688586
22.67,63.68905035102137
 
MD82
1.0,3.1086713739111462
11.0,36.62172825052192
 
MD83
1.0,3.090219255090926
11.0,36.369612187439536
 
MU2
0.7,7.811957140243622
 
P28A
0.44,5.8458183385282325
 
PA27
1.1,10.007417626982049
 
PA31
1.0,10.533789494843786
 
PA34
1.0,11.262979546038236
 
PAY2
0.63,5.832056189963347
 
PAY3
0.77,5.869190093757783
 
RJ85
0.76,3.083214110958856
10.76,49.59664489417378
 
SB20
0.65,2.6611178326087948
10.65,49.52720826462544
 
SF34
1.08,5.875642924892972
 
SH36
0.812,4.038396923959617
10.812,69.67338365738081
 
SW3
0.92,8.343672843430303
 
SW4
1.81,10.856243645777974
 
T134
1.9,7.44673072497812
11.9,54.26555873687392
 
T154
1.63,4.973911010224523
11.629999999999999,38.215212227247555
 
TBM7
0.81,7.877515864263384
 
TRIN
0.61,7.554287158438652